x | y
646 190
1018 181
1040 185
1063 194
1078 204
1097 224
1110 248
1117 282
1121 313
1121 341
1115 381
1099 424
1087 443
1078 474
1075 501
1078 525
1088 546
1116 592
1129 619
1134 648
1136 683
1131 706
1118 733
1103 754
1067 790
950 902
934 914
911 923
885 925
862 919
841 904
827 885
818 862
818 837
824 813
838 794
844 789
948 696
956 686
960 675
961 660
955 645
946 637
934 631
920 633
903 640
777 730
757 747
750 764
746 786
743 806
742 823
738 846
728 868
710 882
692 891
674 892
652 889
433 793
403 783
369 777
160 765
139 762
119 756
102 747
87 738
74 725
68 711
62 695
57 667
58 643
67 619
80 598
99 577
123 561
158 554
185 553
207 558
223 565
237 576
250 587
263 603
281 614
294 622
333 626
389 631
432 636
493 646
600 664
612 665
624 664
630 660
635 659
678 598
686 585
687 576
685 567
684 555
680 543
624 379
607 359
592 352
575 349
558 352
543 360
533 369
528 379
525 394
525 407
528 420
536 431
546 442
572 466
579 479
582 495
584 508
582 524
576 538
566 549
554 557
542 564
524 568
506 568
494 567
383 545
366 540
352 535
340 527
331 519
208 363
201 354
193 337
190 317
189 297
193 276
202 254
216 235
233 220
254 208
275 199
288 195
636 189
---
645 234
1017 227
1028 230
1038 234
1046 240
1052 245
1056 251
1061 260
1067 272
1071 284
1073 296
1076 311
1076 324
1076 338
1072 358
1068 376
1039 476
1039 519
1041 528
1052 555
1094 626
1099 644
1100 664
1098 690
1090 712
1077 727
922 876
911 886
895 890
878 888
868 880
858 869
854 860
852 842
858 827
974 722
985 709
995 690
1000 670
997 652
990 631
982 615
941 597
915 596
896 602
866 623
815 657
795 673
742 710
722 733
713 758
708 781
704 827
700 842
689 851
674 856
666 855
446 757
427 752
403 747
382 745
354 742
155 727
133 722
118 713
107 701
100 687
96 672
97 657
102 635
114 614
134 598
158 590
182 591
202 598
222 613
240 632
260 645
285 656
312 661
356 665
430 674
613 703
627 702
644 698
660 682
675 667
697 636
718 605
724 592
724 580
724 566
720 555
656 365
649 352
634 335
611 320
587 312
558 314
525 326
501 348
489 374
487 398
491 426
506 449
526 470
545 493
548 501
547 512
542 522
527 531
512 533
497 530
370 503
361 495
240 345
232 328
229 309
232 292
234 277
242 264
250 257
261 250
278 244
298 240
637 235
end_file