x | y
713 380
733 379
750 381
767 382
788 384
802 386
818 390
834 392
851 396
870 399
886 404
905 408
923 411
942 412
962 414
978 415
992 415
1010 414
1029 412
1047 410
1063 408
1077 406
1088 404
1104 402
1120 401
1136 399
1152 396
1167 394
1183 392
1197 391
1214 391
1232 390
1247 390
1259 393
1273 396
1286 400
1298 404
1311 410
1322 418
1331 425
1340 435
1347 442
1354 452
1361 462
1369 479
1374 491
1377 508
1382 525
1384 543
1385 561
1386 584
1387 607
1387 631
1387 652
1386 674
1387 698
1387 721
1387 742
1387 767
1387 789
1387 811
1387 829
1387 849
1387 867
1387 882
1387 897
1387 913
1388 933
1387 950
1387 968
1387 986
1387 1000
1387 1019
1387 1036
1387 1055
1388 1074
1387 1087
1386 1101
1385 1117
1380 1133
1377 1145
1373 1159
1365 1175
1356 1194
1345 1208
1333 1221
1320 1232
1304 1244
1289 1252
1271 1260
1251 1268
1229 1276
1210 1280
1192 1280
1173 1282
1152 1283
1135 1283
1116 1283
1097 1283
1076 1283
1052 1283
1030 1283
1013 1284
991 1284
966 1284
941 1284
917 1284
894 1284
870 1284
842 1284
820 1285
798 1285
778 1285
758 1285
739 1286
719 1286
699 1286
678 1286
658 1284
638 1280
618 1275
600 1269
583 1260
566 1248
554 1239
541 1227
529 1211
521 1197
514 1181
509 1166
506 1148
505 1134
504 1118
504 1102
504 1084
504 1064
503 1051
503 1030
504 1008
507 990
511 970
516 953
522 939
530 922
538 910
547 895
560 882
575 869
591 859
608 850
628 843
644 839
662 836
678 836
693 836
707 837
722 840
736 843
751 846
769 851
786 857
802 863
818 868
833 874
849 880
863 886
878 891
892 896
905 901
917 906
928 910
940 915
954 919
966 923
980 930
992 934
1004 939
1015 942
1025 946
1040 952
1052 956
1063 960
1078 966
1091 970
1102 969
1111 968
1118 964
1119 954
1120 940
1120 925
1119 908
1120 890
1120 873
1120 856
1120 841
1119 824
1119 808
1119 793
1118 777
1118 766
1118 757
1114 752
1110 755
1104 763
1097 774
1089 788
1079 803
1069 818
1058 830
1049 840
1038 850
1026 858
1011 865
993 871
975 874
957 873
940 874
923 870
905 865
886 856
872 848
862 840
852 829
844 818
838 806
830 791
824 776
818 761
813 749
810 740
804 734
798 736
790 741
778 750
765 758
752 765
740 770
725 775
711 780
695 783
680 786
665 786
651 786
636 784
623 782
606 776
588 770
574 761
559 750
546 740
535 728
526 717
518 707
511 696
506 684
500 669
495 657
492 643
488 627
487 610
487 595
487 579
488 561
490 547
494 529
498 511
506 494
514 476
522 462
531 449
543 438
555 426
571 416
587 407
603 399
623 392
643 387
661 383
677 381
693 381
703 380
719 379
---
692 494
708 494
722 494
737 494
754 494
770 497
786 499
801 502
816 504
830 507
844 510
860 514
873 517
886 519
899 522
915 524
931 526
946 528
960 530
974 530
990 529
1006 528
1023 526
1039 525
1058 524
1072 522
1089 519
1104 516
1124 515
1139 513
1153 510
1167 508
1180 506
1191 504
1202 503
1214 503
1224 503
1234 504
1243 505
1252 508
1260 514
1265 524
1269 535
1272 548
1273 567
1273 588
1272 606
1272 622
1272 636
1273 655
1274 677
1272 702
1273 718
1273 740
1272 757
1272 774
1272 788
1272 806
1272 824
1273 844
1273 861
1273 882
1273 901
1273 922
1273 943
1273 962
1273 981
1274 1000
1273 1023
1273 1041
1273 1058
1273 1072
1273 1090
1270 1105
1265 1120
1258 1132
1250 1143
1240 1150
1228 1156
1215 1160
1204 1164
1191 1166
1178 1167
1161 1167
1141 1167
1115 1169
1096 1168
1077 1169
1057 1169
1036 1168
1014 1168
994 1169
974 1169
952 1169
932 1169
910 1170
890 1170
866 1170
842 1170
820 1170
800 1170
774 1170
754 1171
735 1172
712 1172
692 1172
673 1170
657 1168
641 1162
628 1153
622 1142
620 1125
619 1109
618 1090
618 1074
618 1057
618 1042
618 1027
621 1010
624 994
627 982
636 968
644 960
658 954
673 950
690 951
704 952
718 956
732 959
747 964
764 970
776 976
792 981
805 986
820 992
836 998
852 1004
868 1009
881 1013
895 1020
912 1026
926 1032
941 1037
953 1040
967 1047
982 1052
997 1058
1012 1062
1026 1068
1040 1072
1053 1076
1065 1080
1076 1082
1088 1084
1100 1085
1114 1085
1128 1085
1145 1082
1158 1080
1168 1076
1179 1069
1191 1061
1200 1053
1208 1046
1217 1032
1223 1016
1229 998
1231 981
1234 958
1234 938
1234 917
1234 890
1233 866
1232 841
1233 815
1233 792
1233 768
1233 746
1233 724
1233 705
1232 688
1232 670
1230 654
1225 640
1220 626
1212 614
1202 603
1188 592
1174 583
1160 578
1145 577
1128 578
1113 581
1099 586
1088 594
1078 602
1067 612
1059 622
1051 633
1043 644
1034 657
1027 670
1020 680
1013 694
1005 708
996 720
988 735
981 746
973 754
964 760
954 760
946 756
939 747
932 737
928 724
922 712
917 699
914 686
908 675
902 662
896 649
889 637
880 626
868 614
855 604
839 597
825 595
810 598
797 600
785 606
773 612
760 620
748 632
734 642
719 651
706 659
693 666
680 669
663 671
648 669
632 662
621 652
611 637
604 622
602 606
601 588
603 566
610 544
622 525
638 510
655 502
670 498
682 495
700 494
end_file