x | y
1525 958
1544 951
1564 943
1588 934
1610 925
1632 916
1652 907
1675 899
1693 891
1713 883
1731 876
1747 869
1765 862
1782 856
1801 847
1820 840
1844 830
1862 822
1881 814
1900 806
1917 798
1937 789
1960 781
1978 773
1994 767
2014 758
2035 750
2057 741
2077 732
2100 723
2121 718
2138 714
2160 710
2179 708
2200 710
2221 711
2243 713
2262 717
2280 722
2294 727
2308 732
2323 739
2338 748
2349 756
2361 766
2371 774
2382 781
2395 791
2406 802
2417 814
2432 827
2445 838
2455 848
2470 862
2483 874
2495 885
2507 897
2518 906
2530 918
2541 928
2556 941
2570 954
2582 965
2594 976
2605 986
2617 996
2630 1007
2642 1019
2652 1030
2664 1041
2676 1052
2687 1064
2698 1074
2710 1086
2719 1096
2728 1104
2735 1111
2744 1120
2754 1129
2761 1138
2769 1145
2780 1156
2790 1165
2801 1174
2811 1184
2821 1193
2834 1204
2844 1213
2856 1224
2870 1238
2885 1250
2900 1262
2910 1273
2921 1284
2938 1298
2952 1312
2970 1327
2989 1344
3004 1358
3020 1372
3038 1390
3053 1404
3069 1419
3083 1432
3096 1445
3109 1458
3122 1469
3139 1486
3153 1499
3164 1510
3176 1520
3187 1531
3197 1540
3204 1549
3211 1556
3220 1567
3226 1580
3231 1594
3238 1605
3243 1618
3248 1629
3255 1644
3264 1660
3272 1676
3279 1691
3285 1704
3290 1718
3298 1730
3304 1745
3309 1756
3316 1769
3321 1782
3325 1791
3332 1803
3338 1817
3344 1827
3349 1839
3356 1850
3361 1859
3369 1871
3376 1882
3382 1892
3387 1904
3392 1915
3401 1932
3409 1949
3415 1966
3418 1987
3419 2006
3417 2020
3414 2034
3410 2046
3406 2058
3402 2070
3392 2088
3382 2105
3372 2122
3362 2138
3350 2156
3339 2175
3330 2191
3318 2209
3308 2225
3297 2242
3286 2259
3279 2270
3269 2286
3259 2300
3247 2316
3238 2332
3231 2346
3223 2357
3216 2372
3206 2387
3196 2400
3186 2416
3175 2429
3164 2440
3150 2450
3132 2455
3116 2452
3101 2447
3083 2440
3067 2431
3052 2421
3035 2411
3021 2403
3006 2393
2993 2384
2979 2376
2963 2367
2946 2358
2930 2347
2911 2334
2894 2324
2874 2313
2855 2301
2835 2290
2817 2277
2802 2268
2783 2256
2763 2245
2742 2232
2721 2220
2702 2209
2685 2200
2668 2188
2653 2175
2631 2161
2611 2150
2590 2138
2570 2128
2550 2114
2528 2099
2508 2088
2488 2076
2462 2062
2443 2048
2417 2031
2402 2020
2386 2012
2368 2004
2346 1997
2319 1989
2297 1986
2275 1985
2256 1986
2240 1989
2223 1993
2207 1998
2192 2005
2179 2011
2166 2016
2150 2025
2136 2036
2123 2046
2111 2058
2099 2071
2090 2084
2082 2095
2072 2109
2066 2123
2059 2138
2054 2155
2048 2178
2046 2200
2046 2218
2046 2238
2048 2252
2050 2273
2055 2288
2058 2306
2062 2319
2065 2337
2070 2355
2077 2372
2084 2393
2090 2412
2098 2429
2102 2448
2110 2465
2116 2484
2124 2504
2130 2521
2134 2534
2140 2549
2145 2564
2150 2576
2155 2594
2162 2618
2170 2638
2175 2656
2180 2674
2184 2690
2188 2710
2193 2729
2195 2748
2196 2767
2196 2785
2195 2803
2191 2824
2189 2842
2184 2860
2178 2877
2172 2897
2165 2913
2155 2934
2144 2951
2131 2966
2119 2982
2107 2997
2090 3010
2074 3022
2059 3032
2042 3042
2026 3049
2006 3056
1983 3063
1956 3070
1932 3074
1916 3076
1896 3076
1877 3073
1856 3071
1834 3067
1813 3063
1793 3059
1771 3056
1749 3051
1730 3048
1708 3043
1690 3040
1673 3037
1653 3033
1636 3029
1616 3024
1597 3020
1580 3017
1559 3012
1538 3008
1516 3002
1493 3000
1468 2996
1444 2991
1421 2986
1393 2981
1366 2975
1342 2970
1310 2965
1282 2960
1254 2954
1229 2949
1206 2942
1184 2936
1165 2932
1148 2928
1130 2926
1111 2922
1088 2918
1071 2915
1053 2913
1031 2910
1007 2905
986 2899
968 2896
944 2892
920 2888
901 2884
878 2881
854 2875
837 2870
820 2866
797 2860
775 2857
753 2853
734 2848
716 2842
700 2835
685 2826
670 2819
657 2808
643 2795
630 2779
618 2761
607 2744
599 2729
594 2714
588 2697
585 2682
582 2664
581 2646
582 2626
587 2602
596 2574
604 2552
615 2532
628 2513
642 2498
654 2487
672 2474
691 2463
712 2453
735 2442
757 2434
778 2424
801 2414
819 2407
834 2400
856 2392
878 2384
898 2377
917 2367
933 2362
948 2356
962 2352
976 2346
987 2340
1003 2332
1020 2325
1038 2318
1055 2312
1073 2306
1088 2300
1105 2294
1120 2288
1139 2281
1158 2274
1179 2266
1198 2258
1218 2251
1234 2243
1252 2234
1268 2226
1285 2216
1300 2209
1318 2197
1331 2186
1343 2174
1356 2163
1366 2153
1377 2142
1385 2130
1398 2112
1408 2096
1415 2080
1424 2063
1431 2048
1441 2025
1447 2006
1451 1987
1455 1969
1457 1953
1458 1932
1458 1912
1454 1890
1450 1870
1446 1855
1441 1839
1437 1822
1430 1804
1420 1780
1411 1756
1400 1733
1392 1715
1384 1692
1374 1671
1364 1645
1358 1628
1348 1610
1342 1593
1333 1576
1324 1563
1314 1542
1306 1524
1300 1506
1290 1487
1281 1469
1275 1452
1268 1434
1257 1410
1248 1384
1240 1359
1229 1338
1223 1319
1220 1301
1215 1279
1216 1258
1217 1238
1218 1220
1222 1200
1226 1184
1232 1167
1238 1152
1244 1136
1251 1119
1263 1103
1273 1092
1288 1078
1304 1064
1321 1052
1338 1042
1354 1034
1372 1027
1393 1018
1410 1010
1428 1002
1449 994
1468 986
1484 978
1503 968
1516 962
1539 952
---
1441 1085
1459 1076
1478 1070
1495 1063
1511 1056
1527 1049
1544 1040
1560 1034
1576 1028
1592 1021
1613 1012
1635 1002
1654 995
1673 986
1694 978
1713 970
1732 962
1750 954
1767 947
1782 940
1797 933
1810 928
1827 920
1848 913
1865 905
1885 898
1902 891
1918 883
1937 876
1957 869
1973 863
1990 856
2008 849
2024 841
2043 835
2060 826
2074 820
2090 812
2106 807
2119 802
2136 796
2154 792
2171 792
2190 791
2205 794
2222 795
2237 797
2248 801
2263 805
2277 810
2290 815
2304 822
2314 831
2325 839
2334 851
2344 862
2352 872
2360 885
2366 896
2371 907
2376 919
2379 928
2382 940
2386 952
2386 967
2386 980
2388 996
2390 1009
2392 1019
2394 1034
2395 1053
2398 1073
2400 1088
2401 1106
2405 1128
2406 1142
2408 1160
2410 1175
2417 1197
2423 1215
2428 1238
2431 1262
2436 1284
2443 1303
2452 1322
2460 1338
2468 1349
2479 1362
2490 1372
2502 1382
2514 1391
2530 1398
2547 1404
2565 1406
2583 1409
2604 1410
2623 1411
2640 1411
2659 1412
2678 1412
2693 1412
2714 1413
2734 1414
2754 1413
2769 1412
2788 1413
2808 1415
2828 1414
2844 1415
2861 1416
2878 1416
2893 1415
2906 1415
2922 1418
2934 1422
2945 1426
2957 1430
2967 1435
2977 1441
2988 1451
3001 1462
3011 1473
3022 1482
3031 1492
3040 1500
3049 1510
3058 1519
3068 1529
3079 1541
3089 1548
3100 1558
3107 1566
3116 1574
3124 1584
3130 1592
3135 1602
3141 1611
3150 1624
3160 1643
3171 1662
3178 1677
3186 1693
3195 1709
3203 1726
3212 1742
3220 1757
3229 1769
3236 1782
3244 1799
3252 1814
3260 1828
3268 1842
3274 1854
3280 1866
3286 1878
3291 1889
3299 1900
3306 1913
3313 1925
3320 1939
3328 1955
3334 1968
3340 1980
3343 1994
3342 2012
3336 2027
3328 2042
3320 2056
3312 2069
3306 2081
3295 2097
3286 2110
3276 2125
3264 2143
3254 2164
3242 2180
3232 2198
3222 2212
3208 2232
3200 2246
3191 2258
3183 2270
3172 2284
3160 2295
3147 2304
3134 2310
3120 2315
3107 2318
3092 2321
3077 2322
3057 2321
3042 2318
3024 2310
3009 2304
2988 2292
2970 2281
2947 2266
2927 2253
2903 2239
2882 2228
2861 2216
2836 2201
2812 2185
2792 2174
2769 2157
2748 2147
2728 2133
2712 2120
2688 2107
2670 2095
2656 2085
2635 2073
2615 2060
2600 2050
2580 2038
2560 2024
2538 2011
2518 2000
2500 1990
2480 1974
2457 1961
2432 1946
2409 1935
2382 1923
2357 1913
2335 1908
2309 1906
2289 1904
2271 1902
2251 1904
2232 1906
2214 1910
2193 1916
2175 1923
2157 1930
2142 1936
2128 1943
2110 1954
2093 1965
2081 1977
2066 1991
2054 2003
2042 2016
2029 2030
2020 2045
2009 2062
2000 2079
1994 2095
1989 2108
1982 2124
1977 2139
1974 2154
1972 2166
1969 2183
1968 2199
1968 2211
1968 2226
1969 2241
1970 2252
1971 2266
1973 2276
1976 2286
1978 2297
1981 2307
1985 2321
1989 2329
1992 2342
1997 2354
2000 2367
2004 2378
2007 2391
2012 2405
2016 2420
2020 2430
2024 2442
2028 2456
2033 2470
2037 2481
2041 2494
2045 2510
2050 2523
2054 2537
2060 2549
2066 2564
2070 2580
2074 2595
2079 2609
2084 2625
2088 2640
2091 2652
2094 2663
2098 2677
2103 2687
2107 2699
2110 2712
2114 2727
2118 2747
2119 2762
2119 2776
2119 2794
2116 2811
2112 2828
2108 2845
2102 2862
2096 2876
2087 2894
2073 2913
2060 2928
2048 2940
2036 2949
2025 2959
2008 2968
1996 2976
1978 2983
1957 2990
1936 2996
1920 2998
1902 2999
1881 2997
1864 2995
1849 2992
1832 2990
1812 2986
1786 2980
1761 2976
1731 2970
1706 2965
1681 2960
1654 2954
1629 2948
1592 2942
1563 2936
1532 2929
1496 2923
1464 2917
1431 2911
1394 2904
1367 2897
1329 2891
1306 2888
1278 2883
1248 2878
1213 2868
1185 2864
1152 2856
1114 2848
1085 2843
1064 2837
1040 2833
1018 2830
989 2825
958 2819
930 2814
903 2809
877 2802
850 2796
826 2791
807 2786
789 2778
773 2770
759 2760
745 2749
737 2736
728 2723
717 2704
711 2686
708 2670
705 2655
704 2630
707 2609
712 2586
721 2568
732 2552
744 2540
753 2530
764 2522
776 2513
790 2503
808 2497
823 2490
840 2484
856 2477
873 2470
890 2463
906 2457
925 2449
946 2441
965 2434
985 2427
1006 2420
1025 2411
1044 2403
1062 2396
1079 2389
1099 2382
1122 2374
1143 2364
1162 2357
1183 2350
1201 2341
1222 2334
1242 2328
1259 2321
1279 2313
1298 2301
1316 2291
1339 2281
1351 2271
1372 2256
1388 2242
1403 2228
1418 2213
1431 2199
1452 2176
1469 2154
1482 2131
1494 2108
1506 2078
1516 2055
1522 2029
1528 2005
1531 1983
1534 1960
1535 1934
1536 1914
1534 1887
1531 1861
1526 1837
1519 1812
1513 1793
1505 1772
1496 1752
1487 1731
1477 1709
1467 1686
1456 1660
1446 1638
1438 1619
1429 1600
1420 1581
1408 1555
1400 1536
1390 1513
1381 1494
1372 1477
1364 1457
1354 1435
1345 1416
1337 1396
1328 1376
1319 1354
1310 1329
1304 1310
1297 1292
1295 1268
1295 1251
1298 1235
1302 1220
1305 1205
1310 1190
1317 1173
1328 1158
1338 1143
1352 1130
1365 1120
1379 1108
1398 1100
1417 1092
1432 1087
1452 1078
---
2470 976
2494 998
2511 1014
2526 1027
2542 1043
2559 1056
2578 1074
2594 1088
2613 1106
2633 1122
2650 1138
2665 1154
2684 1168
2702 1184
2720 1200
2740 1219
2761 1238
2780 1255
2794 1273
2809 1286
2822 1297
2834 1309
2842 1316
2851 1323
2852 1327
2846 1329
2836 1330
2823 1330
2806 1328
2791 1325
2774 1322
2757 1320
2738 1318
2713 1314
2693 1311
2672 1308
2651 1306
2636 1304
2616 1303
2598 1299
2582 1296
2568 1289
2556 1278
2546 1268
2542 1256
2536 1245
2528 1232
2522 1219
2515 1206
2509 1192
2504 1176
2499 1161
2494 1148
2489 1123
2486 1108
2483 1091
2481 1076
2479 1059
2476 1039
2472 1021
2469 1003
2468 987
2472 976
end_file