597 156
676 232
683 236
693 238
702 238
708 233
716 227
719 219
720 211
719 202
568 55
556 50
543 49
530 48
522 52
445 81
432 86
422 88
408 87
387 85
302 52
285 52
273 58
249 64
229 66
206 63
192 60
178 53
162 51
79 50
63 56
55 62
54 72
53 85
54 107
59 114
66 119
74 122
89 124
100 121
143 107
247 104
260 108
275 114
287 124
296 135
301 152
305 162
305 182
298 198
287 211
270 224
244 230
215 228
164 207
146 207
132 214
122 222
115 234
110 246
110 258
119 271
137 280
152 285
163 285
174 281
181 273
196 259
203 252
226 246
244 244
258 248
272 252
309 266
321 267
333 262
337 254
341 245
342 237
337 228
327 204
326 186
329 168
340 151
357 135
377 126
404 114
426 109
528 110
550 115
566 127
593 152
---
570 182
645 256
656 265
669 270
684 273
698 276
711 274
724 268
738 259
751 244
758 225
760 209
754 188
744 173
602 34
584 21
561 14
539 11
524 12
507 20
425 50
404 52
317 18
302 15
289 14
276 16
266 19
255 25
244 28
233 31
221 30
203 24
182 16
157 13
73 15
55 17
42 24
32 32
22 44
15 59
14 83
14 108
20 124
28 136
38 146
49 152
57 156
77 160
94 159
114 156
144 143
245 141
259 149
266 158
269 169
265 177
259 188
248 194
237 195
229 193
188 175
176 173
159 171
143 171
129 174
116 180
103 188
94 196
85 208
75 223
75 233
71 252
76 276
81 285
93 298
108 308
128 316
149 322
168 322
186 316
202 306
218 292
236 282
249 285
267 290
286 300
303 302
323 304
338 300
352 293
362 286
370 273
377 259
381 242
379 229
375 215
369 200
367 191
366 180
371 172
380 167
394 159
409 153
430 144
525 147
536 153
544 162
566 177