172 152
272 114
314 120
878 121
1531 123
1668 160
1769 217
1843 366
1890 539
1892 644
1883 721
1850 806
1751 870
1585 882
1272 763
1140 752
1102 776
1087 830
1084 923
1155 1024
1268 1082
1408 1102
1519 1110
1588 1076
1670 982
1746 935
1810 929
1906 978
1946 1110
1954 1303
1926 1420
1873 1510
1784 1571
1690 1581
1602 1598
1494 1595
1270 1490
1053 1354
830 1322
700 1368
554 1456
459 1483
422 1490
298 1489
208 1438
165 1375
143 1284
141 1151
156 1086
245 913
292 766
291 664
276 592
250 530
169 408
142 330
131 230
161 170
---
404 318
1542 322
1627 368
1679 488
1695 558
1695 631
1680 661
1650 676
1587 681
1530 685
1315 598
1236 574
1105 572
1048 592
994 648
953 710
939 736
936 891
948 962
977 1041
1029 1092
1116 1172
1288 1248
1585 1252
1662 1196
1751 1172
1824 1195
1840 1237
1839 1281
1835 1326
1796 1385
1742 1416
1645 1426
1586 1433
1518 1432
1451 1409
1259 1311
1169 1243
1058 1202
911 1150
755 1154
664 1192
542 1246
483 1263
415 1261
350 1228
312 1196
293 1104
396 825
425 801
433 757
430 627
408 552
413 503
360 458
328 386
386 318