x | y
333 530
322 502
313 480
310 464
309 446
311 426
318 406
328 389
342 374
357 364
376 354
635 244
668 232
685 225
699 220
715 218
738 218
759 223
777 228
795 240
817 259
838 277
857 297
1142 564
1154 574
1179 600
1198 664
1208 680
1242 747
1245 758
1247 770
1246 780
1243 792
1238 805
1226 820
1218 838
1152 944
1133 974
1019 904
825 783
807 773
789 766
774 764
757 762
738 766
718 774
698 786
684 800
672 817
666 838
663 855
664 875
667 894
672 913
714 1041
720 1057
723 1072
726 1092
726 1107
724 1127
718 1152
705 1174
688 1194
667 1209
644 1221
616 1226
586 1226
308 1170
104 1132
87 1124
70 1111
56 1096
46 1078
41 1059
39 1036
45 1012
56 991
72 974
90 964
315 874
347 857
371 835
390 810
404 782
410 754
411 726
408 704
397 677
334 534
---
362 517
342 470
340 456
342 440
349 420
361 401
377 389
391 383
694 256
708 254
720 252
732 252
745 255
758 259
768 263
777 271
789 282
843 329
1058 528
1117 586
1128 598
1135 611
1215 758
1217 771
1212 782
1196 807
1162 866
1150 884
1131 902
1110 908
1089 906
1058 888
851 760
822 742
792 732
760 728
727 732
694 746
668 767
649 791
636 822
630 854
631 881
636 905
672 1012
686 1058
694 1083
693 1112
684 1143
668 1166
641 1186
616 1196
572 1191
155 1108
131 1102
114 1091
100 1074
91 1056
90 1034
99 1009
112 993
132 982
328 904
354 891
374 878
390 864
405 850
416 830
427 812
437 786
444 756
444 728
442 706
432 676
414 636
398 595
384 565
366 524
end_file